
5 1 9 2 6 3 14 12 8 11 18 15 19 20 16 10 21 7 4 17 13

1 2 3 6 7 8 1 -1 5 1 8 9 3 -1 10 6 11 11 -1 9 12 12 6 13 0
5 -1 8 5  12 5 -1  4 11 5 9 14 5 -1 11 15 12 5  -1 8 6 16 -1 1 2 -1 1  0
8 5 -1 9 17 9 3 18 2 3 5 18 -1 10 9 12 5 8 2 15 14 5 -1 3 0
5 9 12 -1 1 8 5 -1 4 2 11 6 19 5 -1 14 1 9 1 6 2 3 -1 10 8 0
5 12  5 -1 1 8 5 -1 4 12 2 20 5 14 14 6 2 3 9 11 -1 9 14 14 0
9 14 14 6 3 -1 12 5 5 14 5  -1 8 6 12 5 18 -1 10 6 11 11 -1 5 11 0
6 16 3 9 1 5 -1 8 6 16 -1 1 2 16 2 12 12 2 10 -1 14 8 5 -1 0
10 6 11 11 -1 7 2 -1 1 2 -1 1 8 5 -1 10 9 12 5  8 2 15 14 5 -1 9 0
3 18 -1 17 5 19 2 16 5 -1 1 8 5 -1 20 6 12 14 1 -1 4 5  12 14 2 0
3 -1 1 2 -1 8 6 14 19 2 13 5 12 -1 8 6 14 -1 19 2 12 4 14 5 -1 10 0
6 1 8 -1 9 -1 14 1 12 2 3 7 -1 9 11 6 17 6 -1 1 8 5 14 5  -1 4 0
2 11 6 19 5 -1 2 20 20 6 19 5 12 14 -1 9 17 14 2 11 15 1 5 0
11 21 -1 19 9 3 -1 3 2 1 -1 9 12 12 5 14 1 -1 8 5 12 